# curva IV LEED - spot_2
# imagens: /home/yosef/iv_curves/dados/jpg
# metodo de posicao: fisico | fundo: c | janela: 15 px
# pontos marcados (energia: coluna, linha): 30: 492, 123; 112: 415, 164; 134: 407, 168
# intensidade e suavizada: mesmo calculo do coleta_no_step (IDL), sem perder a ultima energia
# normalizada = intensidade / corrente, dividida pelo maximo; normalizada_suave = media de 3 pontos
# energia energia_xml coluna linha intensidade suavizada corrente_uA intensidade_por_uA normalizada normalizada_suave
   30    30.0    492    123       4843    4393.3333   0.16     30268.75    0.68637    0.57762
   32    31.9    486    123       3494    5631.0000   0.22     15881.82    0.36013    0.60752
   34    33.9    482    127       8556    8132.6667   0.25     34224.00    0.77605    0.71206
   36    36.0    477    128      12348   11089.3333   0.28     44100.00    1.00000    0.89348
   38    38.0    474    130      12364   12008.6667   0.31     39883.87    0.90440    0.89394
   40    40.1    470    132      11314   11242.0000   0.33     34284.85    0.77743    0.77761
   42    41.9    467    134      10048    9968.3333   0.35     28708.57    0.65099    0.65066
   44    44.1    463    135       8543    8802.6667   0.37     23089.19    0.52356    0.53563
   46    46.0    460    137       7817    8477.3333   0.41     19065.85    0.43233    0.47810
   48    48.0    458    139       9072    9525.3333   0.43     21097.67    0.47841    0.49988
   50    50.0    455    140      11687   11168.0000   0.45     25971.11    0.58891    0.56074
   52    52.0    453    141      12745   12820.3333   0.47     27117.02    0.61490    0.62689
   54    53.7    450    143      14029   13323.6667   0.47     29848.94    0.67685    0.64743
   56    55.7    449    145      13197   13449.6667   0.46     28689.13    0.65055    0.65810
   58    58.1    447    146      13123   13232.0000   0.46     28528.26    0.64690    0.64760
   60    60.0    444    147      13376   12989.3333   0.47     28459.57    0.64534    0.63127
   62    61.8    443    147      12469   12119.3333   0.47     26529.79    0.60158    0.59624
   64    64.6    442    148      10513    9937.3333   0.44     23893.18    0.54180    0.49097
   66    65.9    440    150       6830    7074.3333   0.47     14531.91    0.32952    0.35154
   68    68.9    439    150       3880    4134.0000   0.48      8083.33    0.18330    0.19704
   70    70.8    437    152       1692    2736.3333   0.49      3453.06    0.07830    0.13149
   72    72.8    436    152       2637    3092.3333   0.45      5860.00    0.13288    0.14672
   74    73.8    434    154       4948    4510.3333   0.49     10097.96    0.22898    0.21624
   76    76.0    432    154       5946    5360.6667   0.47     12651.06    0.28687    0.25909
   78    78.4    431    155       5188    4842.0000   0.45     11528.89    0.26143    0.23732
   80    80.6    430    155       3392    3355.6667   0.47      7217.02    0.16365    0.16561
   82    82.8    429    157       1487    2020.0000   0.47      3163.83    0.07174    0.10925
   84    84.1    428    157       1181    1687.6667   0.29      4072.41    0.09234    0.11127
   86    86.0    426    157       2395    2307.3333   0.32      7484.38    0.16971    0.16174
   88    87.8    425    158       3346    3129.3333   0.34      9841.18    0.22316    0.20972
   90    90.1    424    159       3647    3705.3333   0.35     10420.00    0.23628    0.24219
   92    92.0    423    159       4123    3998.6667   0.35     11780.00    0.26712    0.25186
   94    94.0    422    160       4226    3984.3333   0.38     11121.05    0.25218    0.24120
   96    96.0    421    160       3604    3514.0000   0.40      9010.00    0.20431    0.20216
   98    97.9    420    161       2712    2662.3333   0.41      6614.63    0.14999    0.14817
  100   100.4    420    161       1671    1768.0000   0.42      3978.57    0.09022    0.09664
  102   102.8    419    162        921    1132.0000   0.42      2192.86    0.04972    0.06046
  104   104.0    418    162        804    1065.6667   0.44      1827.27    0.04143    0.05626
  106   106.0    416    163       1472    1757.6667   0.43      3423.26    0.07762    0.08893
  108   107.9    416    163       2997    3384.3333   0.46      6515.22    0.14774    0.16653
  110   110.1    415    164       5684    5275.0000   0.47     12093.62    0.27423    0.25555
  112   112.2    415    164       7144    7161.0000   0.47     15200.00    0.34467    0.33981
  114   113.8    414    165       8655    8202.3333   0.49     17663.27    0.40053    0.38427
  116   115.9    413    165       8808    8776.6667   0.49     17975.51    0.40761    0.41198
  118   118.3    413    165       8867    8904.6667   0.47     18865.96    0.42780    0.41511
  120   120.8    412    166       9039    8857.3333   0.50     18078.00    0.40993    0.40521
  122   122.5    411    166       8666    8590.6667   0.52     16665.38    0.37790    0.37987
  124   123.8    410    167       8067    7736.0000   0.52     15513.46    0.35178    0.33557
  126   126.0    410    167       6475    6387.3333   0.53     12216.98    0.27703    0.27676
  128   128.0    409    167       4620    4555.0000   0.52      8884.62    0.20147    0.19615
  130   130.9    408    167       2570    3174.3333   0.53      4849.06    0.10996    0.13530
  132   131.9    408    167       2333    2618.0000   0.56      4166.07    0.09447    0.10870
  134   133.9    407    168       2951    3011.0000   0.55      5365.45    0.12167    0.12357
  136   136.0    407    168       3749    3770.3333   0.55      6816.36    0.15457    0.15217
  138   137.8    407    168       4611    4496.3333   0.58      7950.00    0.18027    0.17845
  140   139.8    406    168       5129    4902.3333   0.58      8843.10    0.20052    0.19280
  142   142.9    405    169       4967    5036.6667   0.57      8714.04    0.19760    0.19383
  144   144.9    405    169       5014    4701.3333   0.62      8087.10    0.18338    0.17893
  146   146.0    404    170       4123    4230.6667   0.60      6871.67    0.15582    0.15712
  148   147.9    404    170       3555    3561.3333   0.61      5827.87    0.13215    0.13206
  150   149.8    403    170       3006    2879.6667   0.63      4771.43    0.10820    0.11284
  152   152.1    403    170       2078    2262.3333   0.48      4329.17    0.09817    0.09403
  154   154.0    403    170       1703    1642.6667   0.51      3339.22    0.07572    0.07463
  156   155.9    402    170       1147    1267.3333   0.52      2205.77    0.05002    0.05549
  158   158.1    401    171        952    1124.6667   0.53      1796.23    0.04073    0.04810
  160   160.0    400    171       1275    1299.6667   0.54      2361.11    0.05354    0.05440
  162   161.8    400    172       1672    1629.3333   0.55      3040.00    0.06893    0.06799
  164   164.8    400    172       1941    1821.6667   0.54      3594.44    0.08151    0.07514
  166   166.2    400    172       1852    1776.6667   0.56      3307.14    0.07499    0.07186
  168   168.0    399    173       1537    1529.6667   0.59      2605.08    0.05907    0.06006
  170   170.0    399    172       1200    1377.6667   0.59      2033.90    0.04612    0.05265
  172   172.0    398    173       1396    1602.0000   0.60      2326.67    0.05276    0.05990
  174   174.1    399    173       2210    2284.3333   0.62      3564.52    0.08083    0.08349
  176   175.9    398    173       3247    3117.0000   0.63      5153.97    0.11687    0.11262
  178   178.0    398    173       3894    3565.0000   0.63      6180.95    0.14016    0.12765
  180   179.9    398    173       3554    3513.0000   0.64      5553.12    0.12592    0.12464
  182   181.8    397    174       3091    2951.3333   0.65      4755.38    0.10783    0.10322
  184   183.8    397    173       2209    2463.6667   0.66      3346.97    0.07590    0.08519
  186   185.7    397    174       2091    2079.0000   0.66      3168.18    0.07184    0.07110
  188   187.9    396    174       1937    1895.0000   0.67      2891.04    0.06556    0.06449
  190   189.9    395    175       1657    1718.3333   0.67      2473.13    0.05608    0.05790
  192   191.9    395    175       1561    1517.6667   0.68      2295.59    0.05205    0.05067
  194   194.1    395    175       1335    1388.6667   0.69      1934.78    0.04387    0.04589
  196   195.9    394    175       1270    1216.6667   0.69      1840.58    0.04174    0.03982
  198   197.8    392    175       1045    1212.0000   0.70      1492.86    0.03385    0.03967
  200   200.0    394    175       1321    1259.6667   0.69      1914.49    0.04341    0.04101
  202   201.8    393    175       1413    1374.6667   0.70      2018.57    0.04577    0.04432
  204   204.0    393    176       1390    1392.3333   0.72      1930.56    0.04378    0.04427
  206   205.9    392    175       1374    1391.3333   0.72      1908.33    0.04327    0.04362
  208   208.1    392    176       1410    1280.3333   0.73      1931.51    0.04380    0.03997
  210   209.9    392    176       1057    1168.6667   0.73      1447.95    0.03283    0.03660
  212   212.8    392    176       1039     956.0000   0.71      1463.38    0.03318    0.02989
  214   214.1    392    176        772     899.0000   0.74      1043.24    0.02366    0.02788
  216   216.0    391    176        886     887.3333   0.75      1181.33    0.02679    0.02693
  218   217.8    391    177       1004     995.3333   0.75      1338.67    0.03036    0.03009
  220   219.7    391    177       1096    1132.3333   0.75      1461.33    0.03314    0.03390
  222   221.8    391    178       1297    1212.6667   0.77      1684.42    0.03820    0.03848
  224   224.0    390    177       1245    1225.3333   0.64      1945.31    0.04411    0.04042
  226   226.2    390    177       1134    1054.0000   0.66      1718.18    0.03896    0.03627
  228   228.0    390    177        783    1023.3333   0.69      1134.78    0.02573    0.03419
  230   229.9    389    177       1153     989.6667   0.69      1671.01    0.03789    0.03269
  232   232.4    389    178       1033    1099.6667   0.68      1519.12    0.03445    0.03631
  234   234.4    389    178       1113    1076.0000   0.69      1613.04    0.03658    0.03503
  236   236.8    389    178       1082    1029.3333   0.72      1502.78    0.03408    0.03267
  238   237.8    388    178        893     986.0000   0.74      1206.76    0.02736    0.03039
  240   239.8    388    178        983     985.0000   0.75      1310.67    0.02972    0.02976
  242   241.8    388    178       1079    1093.0000   0.76      1419.74    0.03219    0.03258
  244   244.8    388    178       1217    1277.3333   0.77      1580.52    0.03584    0.03756
  246   245.9    388    178       1536    1510.6667   0.78      1969.23    0.04465    0.04407
  248   247.9    387    179       1779    1789.3333   0.78      2280.77    0.05172    0.05177
  250   249.9    387    180       2053    2020.0000   0.79      2598.73    0.05893    0.05820
  252   252.0    386    181       2228    2137.6667   0.79      2820.25    0.06395    0.06110
  254   253.8    387    180       2132    2260.6667   0.80      2665.00    0.06043    0.06406
  256   256.0    386    180       2422    2326.6667   0.81      2990.12    0.06780    0.06538
  258   257.9    385    182       2426    2480.3333   0.81      2995.06    0.06792    0.06974
  260   260.4    385    182       2593    2616.0000   0.80      3241.25    0.07350    0.07290
  262   262.0    385    182       2829    2888.0000   0.83      3408.43    0.07729    0.08015
  264   263.9    385    181       3242    3271.3333   0.82      3953.66    0.08965    0.08973
  266   266.1    385    181       3743    3675.0000   0.83      4509.64    0.10226    0.10032
  268   267.9    385    182       4040    3880.6667   0.84      4809.52    0.10906    0.10476
  270   270.0    385    182       3859    3932.6667   0.85      4540.00    0.10295    0.10661
  272   272.4    385    181       3899    3731.3333   0.82      4754.88    0.10782    0.10155
  274   274.0    384    182       3436    3368.3333   0.83      4139.76    0.09387    0.09158
  276   276.1    385    182       2770    2780.0000   0.86      3220.93    0.07304    0.07418
  278   277.9    384    180       2134    2261.0000   0.87      2452.87    0.05562    0.05921
  280   279.8    384    180       1879    1858.3333   0.87      2159.77    0.04897    0.04828
  282   281.8    384    180       1562    1632.6667   0.88      1775.00    0.04025    0.04212
  284   283.8    384    181       1457    1522.0000   0.89      1637.08    0.03712    0.03893
  286   286.0    383    181       1547    1481.6667   0.89      1738.20    0.03942    0.03775
  288   287.8    383    181       1441    1592.6667   0.89      1619.10    0.03671    0.04041
  290   289.9    383    181       1790    1579.3333   0.90      1988.89    0.04510    0.04226
  292   292.0    383    181       1507    1713.0000   0.76      1982.89    0.04496    0.04549
  294   294.0    383    181       1842    1550.3333   0.90      2046.67    0.04641    0.05096
  296   296.1    383    181       1302    1416.0000   0.48      2712.50    0.06151    0.05233
  298   297.9    382    181       1104    1213.0000   0.51      2164.71    0.04909    0.05445
  300   299.7    382    181       1233    1187.3333   0.53      2326.42    0.05275    0.04864
  302   302.0    382    181       1225    1235.0000   0.63      1944.44    0.04409    0.04701
  304   304.0    382    181       1247    1283.6667   0.64      1948.44    0.04418    0.04351
  306   306.0    382    182       1379    1274.0000   0.74      1863.51    0.04226    0.04120
  308   308.0    382    182       1196    1302.3333   0.73      1638.36    0.03715    0.04007
  310   310.8    381    182       1332    1267.3333   0.74      1800.00    0.04082    0.03918
  312   312.0    381    182       1274    1349.6667   0.73      1745.21    0.03957    0.04134
  314   314.1    381    182       1443    1388.0000   0.75      1924.00    0.04363    0.04232
  316   316.0    381    182       1447    1311.3333   0.75      1929.33    0.04375    0.03965
  318   318.0    381    182       1044    1326.0000   0.75      1392.00    0.03156    0.04009
  320   319.8    381    182       1487    1315.0000   0.75      1982.67    0.04496    0.03995
  322   322.5    380    182       1414    1502.3333   0.74      1910.81    0.04333    0.04583
  324   323.8    380    182       1606    1480.0000   0.74      2170.27    0.04921    0.04535
  326   325.9    380    182       1420    1405.0000   0.74      1918.92    0.04351    0.04322
  328   328.5    380    182       1189    1360.3333   0.73      1628.77    0.03693    0.04206
  330   330.2    380    183       1472    1377.6667   0.73      2016.44    0.04572    0.04279
