# curva IV LEED - spot_3
# imagens: /home/yosef/iv_curves/dados/jpg
# metodo de posicao: fisico | fundo: c | janela: 15 px
# pontos marcados (energia: coluna, linha): 30: 492, 123; 46: 460, 137; 56: 449, 145; 58: 447, 146
# intensidade e suavizada: mesmo calculo do coleta_no_step (IDL), sem perder a ultima energia
# normalizada = intensidade / corrente, dividida pelo maximo; normalizada_suave = media de 3 pontos
# energia energia_xml coluna linha intensidade suavizada corrente_uA intensidade_por_uA normalizada normalizada_suave
   30    30.0    492    123       4843    4393.3333   0.16     30268.75    0.68637    0.57762
   32    31.9    486    123       3494    5631.0000   0.22     15881.82    0.36013    0.60752
   34    33.9    482    127       8556    8132.6667   0.25     34224.00    0.77605    0.71206
   36    36.0    477    128      12348   11089.3333   0.28     44100.00    1.00000    0.89348
   38    38.0    474    130      12364   12008.6667   0.31     39883.87    0.90440    0.89394
   40    40.1    470    132      11314   11242.0000   0.33     34284.85    0.77743    0.77761
   42    41.9    467    134      10048    9968.3333   0.35     28708.57    0.65099    0.65066
   44    44.1    463    135       8543    8802.6667   0.37     23089.19    0.52356    0.53563
   46    46.0    460    137       7817    8477.3333   0.41     19065.85    0.43233    0.47810
   48    48.0    458    139       9072    9525.3333   0.43     21097.67    0.47841    0.49988
   50    50.0    455    140      11687   11168.0000   0.45     25971.11    0.58891    0.56074
   52    52.0    453    141      12745   12820.3333   0.47     27117.02    0.61490    0.62689
   54    53.7    450    143      14029   13323.6667   0.47     29848.94    0.67685    0.64743
   56    55.7    449    145      13197   13449.6667   0.46     28689.13    0.65055    0.65810
   58    58.1    447    146      13123   13232.0000   0.46     28528.26    0.64690    0.64760
   60    60.0    444    147      13376   12989.3333   0.47     28459.57    0.64534    0.63127
   62    61.8    443    147      12469   12119.3333   0.47     26529.79    0.60158    0.59624
   64    64.6    442    148      10513    9937.3333   0.44     23893.18    0.54180    0.49097
   66    65.9    440    150       6830    7074.3333   0.47     14531.91    0.32952    0.35154
   68    68.9    439    150       3880    4134.0000   0.48      8083.33    0.18330    0.19704
   70    70.8    437    152       1692    2736.3333   0.49      3453.06    0.07830    0.13149
   72    72.8    436    152       2637    3092.3333   0.45      5860.00    0.13288    0.14672
   74    73.8    434    154       4948    4510.3333   0.49     10097.96    0.22898    0.21624
   76    76.0    432    154       5946    5360.6667   0.47     12651.06    0.28687    0.25909
   78    78.4    431    155       5188    4842.0000   0.45     11528.89    0.26143    0.23732
   80    80.6    430    155       3392    3355.6667   0.47      7217.02    0.16365    0.16561
   82    82.8    429    157       1487    2020.0000   0.47      3163.83    0.07174    0.10925
   84    84.1    428    157       1181    1687.6667   0.29      4072.41    0.09234    0.11127
   86    86.0    426    157       2395    2307.3333   0.32      7484.38    0.16971    0.16174
   88    87.8    425    158       3346    3129.3333   0.34      9841.18    0.22316    0.20972
   90    90.1    424    159       3647    3705.3333   0.35     10420.00    0.23628    0.24219
   92    92.0    423    159       4123    3998.6667   0.35     11780.00    0.26712    0.25186
   94    94.0    422    160       4226    3984.3333   0.38     11121.05    0.25218    0.24120
   96    96.0    421    160       3604    3514.0000   0.40      9010.00    0.20431    0.20216
   98    97.9    420    161       2712    2662.3333   0.41      6614.63    0.14999    0.14817
  100   100.4    420    161       1671    1768.0000   0.42      3978.57    0.09022    0.09664
  102   102.8    419    162        921    1137.3333   0.42      2192.86    0.04972    0.06073
  104   104.0    417    160        820    1071.0000   0.44      1863.64    0.04226    0.05654
  106   106.0    416    163       1472    1763.0000   0.43      3423.26    0.07762    0.08921
  108   107.9    416    163       2997    3384.3333   0.46      6515.22    0.14774    0.16653
  110   110.1    415    164       5684    5275.0000   0.47     12093.62    0.27423    0.25555
  112   112.2    415    164       7144    7161.0000   0.47     15200.00    0.34467    0.33981
  114   113.8    414    165       8655    8202.3333   0.49     17663.27    0.40053    0.38427
  116   115.9    413    165       8808    8776.6667   0.49     17975.51    0.40761    0.41198
  118   118.3    413    165       8867    8904.6667   0.47     18865.96    0.42780    0.41511
  120   120.8    412    166       9039    8857.3333   0.50     18078.00    0.40993    0.40521
  122   122.5    411    166       8666    8590.6667   0.52     16665.38    0.37790    0.37987
  124   123.8    410    167       8067    7736.0000   0.52     15513.46    0.35178    0.33557
  126   126.0    410    167       6475    6387.3333   0.53     12216.98    0.27703    0.27676
  128   128.0    409    167       4620    4555.0000   0.52      8884.62    0.20147    0.19615
  130   130.9    408    167       2570    3174.3333   0.53      4849.06    0.10996    0.13530
  132   131.9    408    167       2333    2618.0000   0.56      4166.07    0.09447    0.10870
  134   133.9    407    168       2951    3011.0000   0.55      5365.45    0.12167    0.12357
  136   136.0    407    168       3749    3770.3333   0.55      6816.36    0.15457    0.15217
  138   137.8    407    168       4611    4496.3333   0.58      7950.00    0.18027    0.17845
  140   139.8    406    168       5129    4902.3333   0.58      8843.10    0.20052    0.19280
  142   142.9    405    169       4967    5036.6667   0.57      8714.04    0.19760    0.19383
  144   144.9    405    169       5014    4701.3333   0.62      8087.10    0.18338    0.17893
  146   146.0    404    170       4123    4230.6667   0.60      6871.67    0.15582    0.15712
  148   147.9    404    170       3555    3561.3333   0.61      5827.87    0.13215    0.13206
  150   149.8    403    170       3006    2879.6667   0.63      4771.43    0.10820    0.11284
  152   152.1    403    170       2078    2262.3333   0.48      4329.17    0.09817    0.09403
  154   154.0    403    170       1703    1642.6667   0.51      3339.22    0.07572    0.07463
  156   155.9    402    170       1147    1276.3333   0.52      2205.77    0.05002    0.05587
  158   158.1    401    169        979    1133.6667   0.53      1847.17    0.04189    0.04848
  160   160.0    400    171       1275    1308.6667   0.54      2361.11    0.05354    0.05479
  162   161.8    400    172       1672    1629.3333   0.55      3040.00    0.06893    0.06799
  164   164.8    400    172       1941    1821.6667   0.54      3594.44    0.08151    0.07514
  166   166.2    400    172       1852    1776.6667   0.56      3307.14    0.07499    0.07186
  168   168.0    399    173       1537    1486.0000   0.59      2605.08    0.05907    0.05838
  170   170.0    399    170       1069    1334.0000   0.59      1811.86    0.04109    0.05097
  172   172.0    398    173       1396    1558.3333   0.60      2326.67    0.05276    0.05822
  174   174.1    399    173       2210    2284.3333   0.62      3564.52    0.08083    0.08349
  176   175.9    398    173       3247    3117.0000   0.63      5153.97    0.11687    0.11262
  178   178.0    398    173       3894    3565.0000   0.63      6180.95    0.14016    0.12765
  180   179.9    398    173       3554    3513.0000   0.64      5553.12    0.12592    0.12464
  182   181.8    397    174       3091    2951.3333   0.65      4755.38    0.10783    0.10322
  184   183.8    397    173       2209    2463.6667   0.66      3346.97    0.07590    0.08519
  186   185.7    397    174       2091    2079.0000   0.66      3168.18    0.07184    0.07110
  188   187.9    396    174       1937    1895.0000   0.67      2891.04    0.06556    0.06449
  190   189.9    395    175       1657    1718.3333   0.67      2473.13    0.05608    0.05790
  192   191.9    395    175       1561    1517.6667   0.68      2295.59    0.05205    0.05067
  194   194.1    395    175       1335    1344.3333   0.69      1934.78    0.04387    0.04443
  196   195.9    394    172       1137    1102.3333   0.69      1647.83    0.03737    0.03610
  198   197.8    394    173        835     980.0000   0.70      1192.86    0.02705    0.03208
  200   200.0    393    173        968    1016.3333   0.69      1402.90    0.03181    0.03307
  202   201.8    393    173       1246    1201.3333   0.70      1780.00    0.04036    0.03865
  204   204.0    393    176       1390    1336.6667   0.72      1930.56    0.04378    0.04247
  206   205.9    392    175       1374    1318.0000   0.72      1908.33    0.04327    0.04134
  208   208.1    392    173       1190    1174.3333   0.73      1630.14    0.03696    0.03668
  210   209.9    392    173        959    1058.0000   0.73      1313.70    0.02979    0.03316
  212   212.8    392    174       1025     950.6667   0.71      1443.66    0.03274    0.02971
  214   214.1    391    174        868     903.3333   0.74      1172.97    0.02660    0.02801
  216   216.0    391    174        817     845.3333   0.75      1089.33    0.02470    0.02568
  218   217.8    391    174        851     893.3333   0.75      1134.67    0.02573    0.02701
  220   219.7    391    174       1012     982.0000   0.75      1349.33    0.03060    0.02941
  222   221.8    390    174       1083    1148.0000   0.77      1406.49    0.03189    0.03676
  224   224.0    391    178       1349    1065.3333   0.64      2107.81    0.04780    0.03531
  226   226.2    390    175        764    1015.0000   0.66      1157.58    0.02625    0.03489
  228   228.0    389    175        932     922.3333   0.69      1350.72    0.03063    0.03069
  230   229.9    389    175       1071    1060.3333   0.69      1552.17    0.03520    0.03504
  232   232.4    389    175       1178    1051.0000   0.68      1732.35    0.03928    0.03473
  234   234.4    389    175        904    1055.0000   0.69      1310.14    0.02971    0.03437
  236   236.8    388    175       1083     953.3333   0.72      1504.17    0.03411    0.03019
  238   237.8    388    175        873     933.6667   0.74      1179.73    0.02675    0.02880
  240   239.8    388    175        845     858.6667   0.75      1126.67    0.02555    0.02597
  242   241.8    388    176        858     872.0000   0.76      1128.95    0.02560    0.02601
  244   244.8    388    176        913     931.0000   0.77      1185.71    0.02689    0.02740
  246   245.9    387    176       1022    1238.0000   0.78      1310.26    0.02971    0.03611
  248   247.9    387    179       1779    1618.0000   0.78      2280.77    0.05172    0.04679
  250   249.9    387    180       2053    1993.6667   0.79      2598.73    0.05893    0.05744
  252   252.0    387    180       2149    2111.3333   0.79      2720.25    0.06168    0.06035
  254   253.8    387    180       2132    2234.3333   0.80      2665.00    0.06043    0.06331
  256   256.0    386    180       2422    2292.3333   0.81      2990.12    0.06780    0.06442
  258   257.9    386    180       2323    1966.6667   0.81      2867.90    0.06503    0.05519
  260   260.4    386    177       1155    2034.0000   0.80      1443.75    0.03274    0.05649
  262   262.0    385    180       2624    2288.3333   0.83      3161.45    0.07169    0.06325
  264   263.9    385    180       3086    3148.0000   0.82      3763.41    0.08534    0.08635
  266   266.1    385    180       3734    3532.0000   0.83      4498.80    0.10201    0.09643
  268   267.9    386    180       3776    3781.6667   0.84      4495.24    0.10193    0.10208
  270   270.0    385    181       3835    3836.6667   0.85      4511.76    0.10231    0.10402
  272   272.4    385    181       3899    3678.3333   0.82      4754.88    0.10782    0.10010
  274   274.0    384    181       3301    3334.6667   0.83      3977.11    0.09018    0.09065
  276   276.1    384    181       2804    2267.3333   0.86      3260.47    0.07393    0.06076
  278   277.9    384    177        697    1545.0000   0.87       801.15    0.01817    0.04055
  280   279.8    384    178       1134     916.3333   0.87      1303.45    0.02956    0.02379
  282   281.8    384    178        918    1038.0000   0.88      1043.18    0.02365    0.02676
  284   283.8    383    178       1062     976.3333   0.89      1193.26    0.02706    0.02496
  286   286.0    383    178        949    1009.0000   0.89      1066.29    0.02418    0.02571
  288   287.8    383    178       1016    1111.3333   0.89      1141.57    0.02589    0.02819
  290   289.9    383    178       1369    1077.6667   0.90      1521.11    0.03449    0.02856
  292   292.0    383    178        848    1140.3333   0.76      1115.79    0.02530    0.03004
  294   294.0    383    178       1204     975.0000   0.90      1337.78    0.03034    0.03229
  296   296.1    382    178        873    1019.0000   0.48      1818.75    0.04124    0.03838
  298   297.9    382    178        980    1002.3333   0.51      1921.57    0.04357    0.04473
  300   299.7    382    178       1154    1096.0000   0.53      2177.36    0.04937    0.04744
