# curva IV LEED - spot_4
# imagens: /home/yosef/iv_curves/dados/jpg
# metodo de posicao: fisico | fundo: l | janela: 15 px
# pontos marcados (energia: coluna, linha): 30: 419, 384; 50: 400, 343
# intensidade e suavizada: mesmo calculo do coleta_no_step (IDL), sem perder a ultima energia
# normalizada = intensidade / corrente, dividida pelo maximo; normalizada_suave = media de 3 pontos
# energia energia_xml coluna linha intensidade suavizada corrente_uA intensidade_por_uA normalizada normalizada_suave
   30    30.0    419    384       4734    4290.6667   0.16     29587.50    0.99222    0.83444
   32    31.9    415    376       3404    3574.3333   0.22     15472.73    0.51888    0.61928
   34    33.9    414    374       2585    3474.3333   0.25     10340.00    0.34675    0.46556
   36    36.0    412    368       4434    3777.0000   0.28     15835.71    0.53105    0.44809
   38    38.0    410    363       4312    3984.3333   0.31     13909.68    0.46646    0.44114
   40    40.1    407    358       3207    3429.0000   0.33      9718.18    0.32590    0.35253
   42    41.9    405    354       2768    2829.3333   0.35      7908.57    0.26521    0.27296
   44    44.1    404    351       2513    3174.6667   0.37      6791.89    0.22777    0.28001
   46    46.0    403    349       4243    4979.6667   0.41     10348.78    0.34705    0.40433
   48    48.0    401    346       8183    7849.0000   0.43     19030.23    0.63818    0.60466
   50    50.0    400    343      11121   10787.0000   0.45     24713.33    0.82876    0.79952
   52    52.0    399    341      13057   12584.3333   0.47     27780.85    0.93163    0.90966
   54    53.7    397    339      13575   13449.6667   0.47     28882.98    0.96859    0.96674
   56    55.7    396    336      13717   13583.3333   0.46     29819.57    1.00000    0.98324
   58    58.1    395    334      13458   13131.3333   0.46     29256.52    0.98112    0.95099
   60    60.0    394    332      12219   11933.3333   0.47     25997.87    0.87184    0.85842
   62    61.8    393    330      10123   10649.3333   0.47     21538.30    0.72229    0.77542
   64    64.6    392    328       9606    9711.3333   0.44     21831.82    0.73213    0.70849
   66    65.9    391    326       9405    9026.6667   0.47     20010.64    0.67106    0.65564
   68    68.9    390    324       8069    7766.3333   0.48     16810.42    0.56374    0.54448
   70    70.8    389    322       5825    6402.3333   0.49     11887.76    0.39866    0.45278
   72    72.8    388    321       5313    5405.6667   0.45     11806.67    0.39594    0.38073
   74    73.8    388    320       5079    4968.0000   0.49     10365.31    0.34760    0.35516
   76    76.0    387    319       4512    4349.3333   0.47      9600.00    0.32194    0.30905
   78    78.4    387    318       3457    3240.6667   0.45      7682.22    0.25762    0.23488
   80    80.6    386    316       1753    2031.3333   0.47      3729.79    0.12508    0.14859
   82    82.8    386    312        884    1321.3333   0.47      1880.85    0.06307    0.11387
   84    84.1    384    313       1327    1487.6667   0.29      4575.86    0.15345    0.15084
   86    86.0    384    312       2252    2067.0000   0.32      7037.50    0.23600    0.21602
   88    87.8    383    311       2622    2429.0000   0.34      7711.76    0.25861    0.24194
   90    90.1    383    310       2413    2338.3333   0.35      6894.29    0.23120    0.22651
   92    92.0    383    309       1980    1983.3333   0.35      5657.14    0.18971    0.18611
   94    94.0    382    308       1557    1774.6667   0.38      4097.37    0.13741    0.15898
   96    96.0    381    307       1787    1778.3333   0.40      4467.50    0.14982    0.15002
   98    97.9    381    306       1991    1991.3333   0.41      4856.10    0.16285    0.16267
  100   100.4    380    304       2196    2666.0000   0.42      5228.57    0.17534    0.21416
  102   102.8    379    303       3811    3770.3333   0.42      9073.81    0.30429    0.29463
  104   104.0    379    303       5304    5604.6667   0.44     12054.55    0.40425    0.43632
  106   106.0    379    302       7699    7479.3333   0.43     17904.65    0.60043    0.56417
  108   107.9    378    301       9435    8998.6667   0.46     20510.87    0.68783    0.66398
  110   110.1    378    301       9862    9764.6667   0.47     20982.98    0.70366    0.70160
  112   112.2    378    300       9997    9910.6667   0.47     21270.21    0.71330    0.69755
  114   113.8    377    299       9873    9761.3333   0.49     20148.98    0.67570    0.67776
  116   115.9    377    298       9414    9527.6667   0.49     19212.24    0.64428    0.66109
  118   118.3    376    297       9296    9117.3333   0.47     19778.72    0.66328    0.62906
  120   120.8    377    297       8642    8993.6667   0.50     17284.00    0.57962    0.60870
  122   122.5    376    296       9043    8806.3333   0.52     17390.38    0.58319    0.57536
  124   123.8    375    295       8734    8456.0000   0.52     16796.15    0.56326    0.54225
  126   126.0    375    294       7591    7809.3333   0.53     14322.64    0.48031    0.50055
  128   128.0    375    294       7103    6773.3333   0.52     13659.62    0.45808    0.43145
  130   130.9    374    293       5626    5826.0000   0.53     10615.09    0.35598    0.36615
  132   131.9    374    292       4749    4682.0000   0.56      8480.36    0.28439    0.28807
  134   133.9    374    292       3671    4104.0000   0.55      6674.55    0.22383    0.24851
  136   136.0    373    291       3892    3983.6667   0.55      7076.36    0.23731    0.23828
  138   137.8    373    290       4388    4399.6667   0.58      7565.52    0.25371    0.25848
  140   139.8    373    290       4919    4774.0000   0.58      8481.03    0.28441    0.27772
  142   142.9    372    289       5015    4878.6667   0.57      8798.25    0.29505    0.27793
  144   144.9    373    289       4702    4583.0000   0.62      7583.87    0.25433    0.25824
  146   146.0    372    288       4032    3921.3333   0.60      6720.00    0.22536    0.21542
  148   147.9    371    287       3030    2976.0000   0.61      4967.21    0.16658    0.16375
  150   149.8    371    287       1866    2037.0000   0.63      2961.90    0.09933    0.11693
  152   152.1    371    286       1215    1426.0000   0.48      2531.25    0.08489    0.08764
  154   154.0    371    286       1197    1340.6667   0.51      2347.06    0.07871    0.08914
  156   155.9    371    285       1610    1666.6667   0.52      3096.15    0.10383    0.10710
  158   158.1    371    285       2193    2208.3333   0.53      4137.74    0.13876    0.13928
  160   160.0    370    284       2822    2763.3333   0.54      5225.93    0.17525    0.17123
  162   161.8    370    284       3275    3294.3333   0.55      5954.55    0.19969    0.20335
  164   164.8    370    283       3786    3825.3333   0.54      7011.11    0.23512    0.23306
  166   166.2    370    283       4415    4187.6667   0.56      7883.93    0.26439    0.24915
  168   168.0    370    282       4362    4432.3333   0.59      7393.22    0.24793    0.25641
  170   170.0    369    282       4520    4214.3333   0.59      7661.02    0.25691    0.23835
  172   172.0    370    282       3761    3760.6667   0.60      6268.33    0.21021    0.20981
  174   174.1    369    281       3001    2851.3333   0.62      4840.32    0.16232    0.15597
  176   175.9    369    281       1792    2066.0000   0.63      2844.44    0.09539    0.11083
  178   178.0    368    280       1405    1386.6667   0.63      2230.16    0.07479    0.07355
  180   179.9    369    276        963    1105.3333   0.64      1504.69    0.05046    0.05805
  182   181.8    369    276        948     991.0000   0.65      1458.46    0.04891    0.05111
  184   183.8    367    279       1062    1278.0000   0.66      1609.09    0.05396    0.06518
  186   185.7    368    279       1824    1714.3333   0.66      2763.64    0.09268    0.08654
  188   187.9    368    278       2257    2400.3333   0.67      3368.66    0.11297    0.12060
  190   189.9    367    278       3120    2935.6667   0.67      4656.72    0.15616    0.14610
  192   191.9    368    278       3430    3426.3333   0.68      5044.12    0.16915    0.16885
  194   194.1    367    277       3729    3529.0000   0.69      5404.35    0.18123    0.17233
  196   195.9    367    277       3428    3381.0000   0.69      4968.12    0.16661    0.16363
  198   197.8    367    276       2986    3073.0000   0.70      4265.71    0.14305    0.14866
  200   200.0    366    276       2805    2873.0000   0.69      4065.22    0.13633    0.13829
  202   201.8    366    276       2828    2797.6667   0.70      4040.00    0.13548    0.13345
  204   204.0    366    275       2760    2707.3333   0.72      3833.33    0.12855    0.12735
  206   205.9    366    275       2534    2556.3333   0.72      3519.44    0.11802    0.11856
  208   208.1    366    275       2375    2323.6667   0.73      3253.42    0.10910    0.10728
  210   209.9    365    274       2062    2110.6667   0.73      2824.66    0.09472    0.09778
  212   212.8    365    274       1895    1895.6667   0.71      2669.01    0.08951    0.08754
  214   214.1    365    274       1730    1565.3333   0.74      2337.84    0.07840    0.07193
  216   216.0    366    270       1071    1311.0000   0.75      1428.00    0.04789    0.05897
  218   217.8    366    270       1132    1111.6667   0.75      1509.33    0.05062    0.04971
  220   219.7    366    269       1132    1235.0000   0.75      1509.33    0.05062    0.05466
  222   221.8    366    269       1441    1228.3333   0.77      1871.43    0.06276    0.05721
  224   224.0    366    269       1112    1484.3333   0.64      1737.50    0.05827    0.07252
  226   226.2    364    272       1900    1653.0000   0.66      2878.79    0.09654    0.08314
  228   228.0    364    271       1947    1684.6667   0.69      2821.74    0.09463    0.08328
  230   229.9    365    268       1207    1417.6667   0.69      1749.28    0.05866    0.06916
  232   232.4    365    268       1099    1084.6667   0.68      1616.18    0.05420    0.05298
  234   234.4    365    267        948    1021.6667   0.69      1373.91    0.04607    0.04923
  236   236.8    365    267       1018     975.3333   0.72      1413.89    0.04741    0.04566
  238   237.8    365    267        960    1012.6667   0.74      1297.30    0.04350    0.04611
  240   239.8    365    266       1060    1054.6667   0.75      1413.33    0.04740    0.04713
  242   241.8    364    266       1144    1489.6667   0.76      1505.26    0.05048    0.06551
  244   244.8    363    269       2265    2085.0000   0.77      2941.56    0.09865    0.09049
  246   245.9    363    269       2846    2817.3333   0.78      3648.72    0.12236    0.12155
  248   247.9    363    269       3341    3383.0000   0.78      4283.33    0.14364    0.14473
  250   249.9    363    269       3962    3977.0000   0.79      5015.19    0.16818    0.16943
  252   252.0    363    268       4628    4780.6667   0.79      5858.23    0.19646    0.20192
  254   253.8    362    268       5752    5580.3333   0.80      7190.00    0.24112    0.23364
  256   256.0    362    268       6361    6029.6667   0.81      7853.09    0.26335    0.25063
  258   257.9    363    268       5976    6664.0000   0.81      7377.78    0.24741    0.27722
  260   260.4    361    267       7655    6848.0000   0.80      9568.75    0.32089    0.28254
  262   262.0    362    267       6913    7169.0000   0.83      8328.92    0.27931    0.29466
  264   263.9    362    267       6939    6649.0000   0.82      8462.20    0.28378    0.26978
  266   266.1    362    267       6095    6437.3333   0.83      7343.37    0.24626    0.26022
  268   267.9    361    266       6278    5053.3333   0.84      7473.81    0.25063    0.20228
  270   270.0    363    263       2787    4715.3333   0.85      3278.82    0.10996    0.18946
  272   272.4    361    266       5081    3998.3333   0.82      6196.34    0.20779    0.16150
  274   274.0    362    266       4127    4874.0000   0.83      4972.29    0.16675    0.19522
  276   276.1    360    265       5414    5018.3333   0.86      6295.35    0.21111    0.19680
  278   277.9    360    265       5514    5237.3333   0.87      6337.93    0.21254    0.20269
  280   279.8    361    265       4784    4897.0000   0.87      5498.85    0.18440    0.18812
  282   281.8    361    265       4393    4549.0000   0.88      4992.05    0.16741    0.17341
  284   283.8    361    265       4470    4517.0000   0.89      5022.47    0.16843    0.17083
  286   286.0    360    264       4688    4487.0000   0.89      5267.42    0.17664    0.16907
  288   287.8    360    264       4303    4328.6667   0.89      4834.83    0.16214    0.16255
  290   289.9    360    264       3995    3258.0000   0.90      4438.89    0.14886    0.12537
  292   292.0    362    260       1476    2363.6667   0.76      1942.11    0.06513    0.09145
  294   294.0    362    260       1620    1415.6667   0.90      1800.00    0.06036    0.06864
  296   296.1    362    260       1151    1334.3333   0.48      2397.92    0.08041    0.07393
  298   297.9    361    260       1232    1189.6667   0.51      2415.69    0.08101    0.07882
  300   299.7    361    260       1186    1256.0000   0.53      2237.74    0.07504    0.07597
  302   302.0    361    259       1350    1306.6667   0.63      2142.86    0.07186    0.07314
  304   304.0    361    259       1384    1329.6667   0.64      2162.50    0.07252    0.06708
  306   306.0    361    259       1255    1401.0000   0.74      1695.95    0.05687    0.06708
  308   308.0    361    259       1564    1424.3333   0.73      2142.47    0.07185    0.06487
  310   310.8    361    259       1454    1501.0000   0.74      1964.86    0.06589    0.06865
  312   312.0    361    259       1485    1489.6667   0.73      2034.25    0.06822    0.06751
  314   314.1    361    258       1530    1407.0000   0.75      2040.00    0.06841    0.06352
  316   316.0    361    258       1206    1322.6667   0.75      1608.00    0.05392    0.05914
  318   318.0    361    258       1232    1320.3333   0.75      1642.67    0.05509    0.05904
  320   319.8    361    258       1523    1503.3333   0.75      2030.67    0.06810    0.06757
  322   322.5    360    258       1755    1643.3333   0.74      2371.62    0.07953    0.07417
  324   323.8    360    257       1652    1724.0000   0.74      2232.43    0.07486    0.07813
  326   325.9    360    257       1765    1748.6667   0.74      2385.14    0.07999    0.07962
  328   328.5    360    257       1829    1813.3333   0.73      2505.48    0.08402    0.08294
  330   330.2    360    257       1846    1840.3333   0.73      2528.77    0.08480    0.08454
