# curva IV LEED - spot_5
# imagens: /home/madarame/Projetos/iv_curves/dados/jpg
# metodo de posicao: fisico | fundo: c | janela: 15 px
# pontos marcados (energia: coluna, linha): 30: 419, 384; 112: 378, 300
# intensidade e suavizada: mesmo calculo do coleta_no_step (IDL), sem perder a ultima energia
# normalizada = intensidade / corrente, dividida pelo maximo; normalizada_suave = media de 3 pontos
# suavizacao ligada na tela ao salvar: sim (o png mostra a curva suavizada se sim)
# energia energia_xml coluna linha intensidade suavizada corrente_uA intensidade_por_uA normalizada normalizada_suave
   30    30.0    419    384       4222    3805.3333   0.16     26387.50    0.89740    0.75141
   32    31.9    415    376       2972    3041.0000   0.22     13509.09    0.45942    0.53975
   34    33.9    414    374       1929    2999.3333   0.25      7716.00    0.26241    0.40648
   36    36.0    412    368       4097    3406.3333   0.28     14632.14    0.49762    0.40667
   38    38.0    410    363       4193    3755.6667   0.31     13525.81    0.45999    0.42147
   40    40.1    407    358       2977    3268.0000   0.33      9021.21    0.30680    0.34091
   42    41.9    405    354       2634    2613.6667   0.35      7525.71    0.25594    0.25590
   44    44.1    404    351       2230    2990.6667   0.37      6027.03    0.20497    0.26722
   46    46.0    403    349       4108    4726.3333   0.41     10019.51    0.34075    0.38862
   48    48.0    401    346       7841    7684.3333   0.43     18234.88    0.62014    0.60002
   50    50.0    400    343      11104   10567.3333   0.45     24675.56    0.83918    0.79413
   52    52.0    399    341      12757   12453.3333   0.47     27142.55    0.92308    0.91301
   54    53.7    397    339      13499   13260.6667   0.47     28721.28    0.97677    0.96662
   56    55.7    396    336      13526   13178.6667   0.46     29404.35    1.00000    0.96724
   58    58.1    395    334      12511   12547.6667   0.46     27197.83    0.92496    0.92158
   60    60.0    394    332      11606   11357.3333   0.47     24693.62    0.83979    0.82836
   62    61.8    393    330       9955   10279.0000   0.47     21180.85    0.72033    0.75903
   64    64.6    392    328       9276    9315.3333   0.44     21081.82    0.71696    0.68930
   66    65.9    391    326       8715    8555.0000   0.47     18542.55    0.63061    0.63043
   68    68.9    390    324       7674    7244.3333   0.48     15987.50    0.54371    0.51507
   70    70.8    389    322       5344    6135.6667   0.49     10906.12    0.37090    0.44063
   72    72.8    388    321       5389    5191.6667   0.45     11975.56    0.40727    0.37141
   74    73.8    388    320       4842    4963.0000   0.49      9881.63    0.33606    0.36013
   76    76.0    387    319       4658    4400.6667   0.47      9910.64    0.33705    0.31763
   78    78.4    387    318       3702    3430.6667   0.45      8226.67    0.27978    0.25221
   80    80.6    386    316       1932    2233.0000   0.47      4110.64    0.13980    0.16555
   82    82.8    385    315       1065    1399.3333   0.47      2265.96    0.07706    0.11923
   84    84.1    384    313       1201    1519.0000   0.29      4141.38    0.14084    0.15379
   86    86.0    384    312       2291    2006.0000   0.32      7159.38    0.24348    0.21233
   88    87.8    383    311       2526    2407.6667   0.34      7429.41    0.25266    0.24331
   90    90.1    383    310       2406    2285.6667   0.35      6874.29    0.23378    0.22450
   92    92.0    383    309       1925    1978.3333   0.35      5500.00    0.18705    0.18813
   94    94.0    382    308       1604    1783.6667   0.38      4221.05    0.14355    0.16184
   96    96.0    381    307       1822    1848.6667   0.40      4555.00    0.15491    0.15810
   98    97.9    381    306       2120    1977.0000   0.41      5170.73    0.17585    0.16394
  100   100.4    380    304       1989    2538.6667   0.42      4735.71    0.16105    0.20696
  102   102.8    379    303       3507    3587.0000   0.42      8350.00    0.28397    0.28399
  104   104.0    379    303       5265    5449.0000   0.44     11965.91    0.40694    0.43001
  106   106.0    379    303       7575    7511.3333   0.43     17616.28    0.59910    0.57425
  108   107.9    378    302       9694    9155.0000   0.46     21073.91    0.71669    0.68452
  110   110.1    378    301      10196   10006.0000   0.47     21693.62    0.73777    0.72910
  112   112.2    378    300      10128   10083.0000   0.47     21548.94    0.73285    0.71982
  114   113.8    377    299       9925    9908.3333   0.49     20255.10    0.68885    0.69766
  116   115.9    377    299       9672    9657.6667   0.49     19738.78    0.67129    0.67952
  118   118.3    376    298       9376    9418.0000   0.47     19948.94    0.67843    0.65863
  120   120.8    376    297       9206    9304.0000   0.50     18412.00    0.62617    0.63826
  122   122.5    376    296       9330    8978.0000   0.52     17942.31    0.61019    0.59520
  124   123.8    375    296       8398    8449.3333   0.52     16150.00    0.54924    0.54946
  126   126.0    375    295       7620    7627.0000   0.53     14377.36    0.48895    0.49568
  128   128.0    375    294       6863    6705.3333   0.52     13198.08    0.44885    0.43308
  130   130.9    374    293       5633    5671.6667   0.53     10628.30    0.36145    0.36158
  132   131.9    374    293       4519    4617.0000   0.56      8069.64    0.27444    0.28820
  134   133.9    374    292       3699    4115.3333   0.55      6725.45    0.22872    0.25280
  136   136.0    373    291       4128    4095.0000   0.55      7505.45    0.25525    0.24846
  138   137.8    373    291       4458    4486.6667   0.58      7686.21    0.26140    0.26748
  140   139.8    373    290       4874    4846.0000   0.58      8403.45    0.28579    0.28593
  142   142.9    372    290       5206    5049.0000   0.57      9133.33    0.31061    0.29145
  144   144.9    372    289       5067    4790.0000   0.62      8172.58    0.27794    0.27359
  146   146.0    372    289       4097    3965.6667   0.60      6828.33    0.23222    0.22084
  148   147.9    371    288       2733    2894.6667   0.61      4480.33    0.15237    0.16156
  150   149.8    371    288       1854    1973.6667   0.63      2942.86    0.10008    0.11566
  152   152.1    371    287       1334    1506.6667   0.48      2779.17    0.09452    0.09447
  154   154.0    371    287       1332    1432.0000   0.51      2611.76    0.08882    0.09665
  156   155.9    371    286       1630    1676.3333   0.52      3134.62    0.10660    0.10935
  158   158.1    371    285       2067    2170.0000   0.53      3900.00    0.13263    0.13880
  160   160.0    370    285       2813    2736.3333   0.54      5209.26    0.17716    0.17188
  162   161.8    370    284       3329    3333.6667   0.55      6052.73    0.20584    0.20868
  164   164.8    370    284       3859    3883.6667   0.54      7146.30    0.24304    0.23997
  166   166.2    370    284       4463    4301.0000   0.56      7969.64    0.27104    0.25938
  168   168.0    370    283       4581    4626.6667   0.59      7764.41    0.26406    0.27128
  170   170.0    369    283       4836    4471.3333   0.59      8196.61    0.27876    0.25646
  172   172.0    369    282       3997    3922.0000   0.60      6661.67    0.22655    0.22206
  174   174.1    369    282       2933    3057.0000   0.62      4730.65    0.16088    0.16947
  176   175.9    369    282       2241    2129.6667   0.63      3557.14    0.12097    0.11581
  178   178.0    368    280       1215    1445.3333   0.63      1928.57    0.06559    0.07777
  180   179.9    369    281        880    1021.0000   0.64      1375.00    0.04676    0.05433
  182   181.8    367    280        968    1021.3333   0.65      1489.23    0.05065    0.05336
  184   183.8    367    280       1216    1279.0000   0.66      1842.42    0.06266    0.06616
  186   185.7    368    280       1653    1795.0000   0.66      2504.55    0.08518    0.09185
  188   187.9    367    279       2516    2435.0000   0.67      3755.22    0.12771    0.12402
  190   189.9    367    279       3136    3070.0000   0.67      4680.60    0.15918    0.15495
  192   191.9    367    279       3558    3470.3333   0.68      5232.35    0.17794    0.17344
  194   194.1    367    278       3717    3504.0000   0.69      5386.96    0.18320    0.17356
  196   195.9    367    278       3237    3388.0000   0.69      4691.30    0.15954    0.16623
  198   197.8    367    277       3210    3101.0000   0.70      4585.71    0.15595    0.15209
  200   200.0    366    277       2856    2960.6667   0.69      4139.13    0.14077    0.14451
  202   201.8    366    277       2816    2891.3333   0.70      4022.86    0.13681    0.13979
  204   204.0    366    276       3002    2798.6667   0.72      4169.44    0.14180    0.13346
  206   205.9    366    276       2578    2710.6667   0.72      3580.56    0.12177    0.12749
  208   208.1    365    275       2552    2432.0000   0.73      3495.89    0.11889    0.11386
  210   209.9    365    275       2166    2176.0000   0.73      2967.12    0.10091    0.10217
  212   212.8    365    275       1810    1894.6667   0.71      2549.30    0.08670    0.08870
  214   214.1    365    275       1708    1608.3333   0.74      2308.11    0.07850    0.07482
  216   216.0    366    275       1307    1417.0000   0.75      1742.67    0.05927    0.06460
  218   217.8    366    274       1236    1317.0000   0.75      1648.00    0.05605    0.05972
  220   219.7    365    274       1408    1429.6667   0.75      1877.33    0.06385    0.06418
  222   221.8    365    274       1645    1475.0000   0.77      2136.36    0.07265    0.06980
  224   224.0    365    274       1372    1516.0000   0.64      2143.75    0.07291    0.07482
  226   226.2    365    273       1531    1513.6667   0.66      2319.70    0.07889    0.07751
  228   228.0    363    273       1638    1657.0000   0.69      2373.91    0.08073    0.08281
  230   229.9    363    273       1802    1554.6667   0.69      2611.59    0.08882    0.07692
  232   232.4    363    273       1224    1457.6667   0.68      1800.00    0.06122    0.07214
  234   234.4    364    272       1347    1228.3333   0.69      1952.17    0.06639    0.06007
  236   236.8    364    272       1114    1268.6667   0.72      1547.22    0.05262    0.06027
  238   237.8    364    272       1345    1267.3333   0.74      1817.57    0.06181    0.05844
  240   239.8    364    271       1343    1437.0000   0.75      1790.67    0.06090    0.06511
  242   241.8    364    271       1623    1556.0000   0.76      2135.53    0.07263    0.06957
  244   244.8    363    271       1702    1872.0000   0.77      2210.39    0.07517    0.08256
  246   245.9    363    271       2291    2284.3333   0.78      2937.18    0.09989    0.09992
  248   247.9    363    271       2860    2877.0000   0.78      3666.67    0.12470    0.12480
  250   249.9    363    270       3480    3480.3333   0.79      4405.06    0.14981    0.15035
  252   252.0    363    270       4101    4048.0000   0.79      5191.14    0.17654    0.17344
  254   253.8    362    269       4563    4649.3333   0.80      5703.75    0.19398    0.19746
  256   256.0    362    269       5284    5173.6667   0.81      6523.46    0.22185    0.21802
  258   257.9    362    269       5674    5766.6667   0.81      7004.94    0.23823    0.24323
  260   260.4    361    269       6342    5995.0000   0.80      7927.50    0.26960    0.25080
  262   262.0    361    269       5969    5961.6667   0.83      7191.57    0.24457    0.24845
  264   263.9    361    268       5574    5613.6667   0.82      6797.56    0.23118    0.23094
  266   266.1    361    268       5298    5144.0000   0.83      6383.13    0.21708    0.21096
  268   267.9    361    267       4560    4699.6667   0.84      5428.57    0.18462    0.19046
  270   270.0    361    268       4241    4167.0000   0.85      4989.41    0.16968    0.16925
  272   272.4    360    267       3700    3721.0000   0.82      4512.20    0.15345    0.15172
  274   274.0    360    268       3222    3380.6667   0.83      3881.93    0.13202    0.13760
  276   276.1    360    267       3220    3209.0000   0.86      3744.19    0.12733    0.12795
  278   277.9    360    266       3185    3264.0000   0.87      3660.92    0.12450    0.12808
  280   279.8    360    267       3387    3405.3333   0.87      3893.10    0.13240    0.13258
  282   281.8    359    266       3644    3422.0000   0.88      4140.91    0.14083    0.13228
  284   283.8    360    267       3235    3299.0000   0.89      3634.83    0.12362    0.12659
  286   286.0    359    266       3018    3021.6667   0.89      3391.01    0.11532    0.11546
  288   287.8    359    266       2812    2707.3333   0.89      3159.55    0.10745    0.10313
  290   289.9    359    266       2292    2304.6667   0.90      2546.67    0.08661    0.09168
  292   292.0    361    266       1810    1864.6667   0.76      2381.58    0.08099    0.07466
  294   294.0    361    266       1492    1525.0000   0.90      1657.78    0.05638    0.07586
  296   296.1    361    265       1273    1322.0000   0.48      2652.08    0.09019    0.07555
  298   297.9    361    265       1201    1190.6667   0.51      2354.90    0.08009    0.08025
  300   299.7    361    265       1098    1132.3333   0.53      2071.70    0.07046    0.07367
