# curva IV LEED - spot_1
# imagens: /home/yosef/iv_curves/dados/jpg
# metodo de posicao: fisico | fundo: c | janela: 15 px
# pontos marcados (energia: coluna, linha): 30: 419, 384; 48: 401, 346
# intensidade e suavizada: mesmo calculo do coleta_no_step (IDL), sem perder a ultima energia
# normalizada = intensidade / corrente, dividida pelo maximo; normalizada_suave = media de 3 pontos
# energia energia_xml coluna linha intensidade suavizada corrente_uA intensidade_por_uA normalizada normalizada_suave
   30    30.0    419    384       4222    3805.3333   0.16     26387.50    0.89740    0.75141
   32    31.9    415    376       2972    3041.0000   0.22     13509.09    0.45942    0.53975
   34    33.9    414    374       1929    2999.3333   0.25      7716.00    0.26241    0.40648
   36    36.0    412    368       4097    3406.3333   0.28     14632.14    0.49762    0.40667
   38    38.0    410    363       4193    3755.6667   0.31     13525.81    0.45999    0.42147
   40    40.1    407    358       2977    3268.0000   0.33      9021.21    0.30680    0.34091
   42    41.9    405    354       2634    2613.6667   0.35      7525.71    0.25594    0.25590
   44    44.1    404    351       2230    2990.6667   0.37      6027.03    0.20497    0.26722
   46    46.0    403    349       4108    4726.3333   0.41     10019.51    0.34075    0.38862
   48    48.0    401    346       7841    7684.3333   0.43     18234.88    0.62014    0.60002
   50    50.0    400    343      11104   10567.3333   0.45     24675.56    0.83918    0.79413
   52    52.0    399    341      12757   12453.3333   0.47     27142.55    0.92308    0.91301
   54    53.7    397    339      13499   13260.6667   0.47     28721.28    0.97677    0.96662
   56    55.7    396    336      13526   13178.6667   0.46     29404.35    1.00000    0.96724
   58    58.1    395    334      12511   12547.6667   0.46     27197.83    0.92496    0.92158
   60    60.0    394    332      11606   11357.3333   0.47     24693.62    0.83979    0.82836
   62    61.8    393    330       9955   10279.0000   0.47     21180.85    0.72033    0.75903
   64    64.6    392    328       9276    9315.3333   0.44     21081.82    0.71696    0.68930
   66    65.9    391    326       8715    8555.0000   0.47     18542.55    0.63061    0.63043
   68    68.9    390    324       7674    7244.3333   0.48     15987.50    0.54371    0.51507
   70    70.8    389    322       5344    6135.6667   0.49     10906.12    0.37090    0.44063
   72    72.8    388    321       5389    5191.6667   0.45     11975.56    0.40727    0.37141
   74    73.8    388    320       4842    4963.0000   0.49      9881.63    0.33606    0.36013
   76    76.0    387    319       4658    4400.6667   0.47      9910.64    0.33705    0.31763
   78    78.4    387    318       3702    3430.6667   0.45      8226.67    0.27978    0.25221
   80    80.6    386    316       1932    2229.6667   0.47      4110.64    0.13980    0.16530
   82    82.8    385    312       1055    1396.0000   0.47      2244.68    0.07634    0.11899
   84    84.1    384    313       1201    1515.6667   0.29      4141.38    0.14084    0.15355
   86    86.0    384    312       2291    2006.0000   0.32      7159.38    0.24348    0.21233
   88    87.8    383    311       2526    2407.6667   0.34      7429.41    0.25266    0.24331
   90    90.1    383    310       2406    2285.6667   0.35      6874.29    0.23378    0.22450
   92    92.0    383    309       1925    1978.3333   0.35      5500.00    0.18705    0.18813
   94    94.0    382    308       1604    1783.6667   0.38      4221.05    0.14355    0.16184
   96    96.0    381    307       1822    1848.6667   0.40      4555.00    0.15491    0.15810
   98    97.9    381    306       2120    1977.0000   0.41      5170.73    0.17585    0.16394
  100   100.4    380    304       1989    2538.6667   0.42      4735.71    0.16105    0.20696
  102   102.8    379    303       3507    3587.0000   0.42      8350.00    0.28397    0.28399
  104   104.0    379    303       5265    5449.0000   0.44     11965.91    0.40694    0.43001
  106   106.0    379    303       7575    7511.3333   0.43     17616.28    0.59910    0.57425
  108   107.9    378    302       9694    9155.0000   0.46     21073.91    0.71669    0.68452
  110   110.1    378    301      10196   10006.0000   0.47     21693.62    0.73777    0.72910
  112   112.2    378    300      10128   10083.0000   0.47     21548.94    0.73285    0.71982
  114   113.8    377    299       9925    9829.0000   0.49     20255.10    0.68885    0.69216
  116   115.9    377    298       9434    9578.3333   0.49     19253.06    0.65477    0.67402
  118   118.3    376    298       9376    9338.6667   0.47     19948.94    0.67843    0.65312
  120   120.8    376    297       9206    9304.0000   0.50     18412.00    0.62617    0.63826
  122   122.5    376    296       9330    8941.6667   0.52     17942.31    0.61019    0.59282
  124   123.8    375    295       8289    8413.0000   0.52     15940.38    0.54211    0.54709
  126   126.0    375    295       7620    7590.6667   0.53     14377.36    0.48895    0.49330
  128   128.0    375    294       6863    6705.3333   0.52     13198.08    0.44885    0.43308
  130   130.9    374    293       5633    5671.6667   0.53     10628.30    0.36145    0.36158
  132   131.9    374    293       4519    4617.0000   0.56      8069.64    0.27444    0.28820
  134   133.9    374    292       3699    4115.3333   0.55      6725.45    0.22872    0.25280
  136   136.0    373    291       4128    4095.0000   0.55      7505.45    0.25525    0.24846
  138   137.8    373    291       4458    4486.6667   0.58      7686.21    0.26140    0.26748
  140   139.8    373    290       4874    4812.0000   0.58      8403.45    0.28579    0.28390
  142   142.9    372    289       5104    5015.0000   0.57      8954.39    0.30453    0.28942
  144   144.9    372    289       5067    4714.3333   0.62      8172.58    0.27794    0.26920
  146   146.0    372    288       3972    3924.0000   0.60      6620.00    0.22514    0.21848
  148   147.9    371    288       2733    2857.0000   0.61      4480.33    0.15237    0.15941
  150   149.8    371    287       1866    1977.6667   0.63      2961.90    0.10073    0.11587
  152   152.1    371    287       1334    1450.0000   0.48      2779.17    0.09452    0.09064
  154   154.0    371    286       1150    1371.3333   0.51      2254.90    0.07669    0.09260
  156   155.9    371    286       1630    1615.6667   0.52      3134.62    0.10660    0.10531
  158   158.1    371    285       2067    2170.0000   0.53      3900.00    0.13263    0.13880
  160   160.0    370    285       2813    2736.3333   0.54      5209.26    0.17716    0.17188
  162   161.8    370    284       3329    3333.6667   0.55      6052.73    0.20584    0.20868
  164   164.8    370    284       3859    3870.6667   0.54      7146.30    0.24304    0.23918
  166   166.2    370    283       4424    4288.0000   0.56      7900.00    0.26867    0.25859
  168   168.0    370    283       4581    4605.6667   0.59      7764.41    0.26406    0.27003
  170   170.0    369    282       4812    4463.3333   0.59      8155.93    0.27737    0.25599
  172   172.0    369    282       3997    3871.3333   0.60      6661.67    0.22655    0.21926
  174   174.1    369    281       2805    2951.3333   0.62      4524.19    0.15386    0.16373
  176   175.9    368    281       2052    2024.0000   0.63      3257.14    0.11077    0.11007
  178   178.0    368    280       1215    1380.3333   0.63      1928.57    0.06559    0.07427
  180   179.9    368    277        874    1019.0000   0.64      1365.62    0.04644    0.05423
  182   181.8    367    280        968    1003.6667   0.65      1489.23    0.05065    0.05244
  184   183.8    367    279       1169    1288.0000   0.66      1771.21    0.06024    0.06662
  186   185.7    368    279       1727    1804.0000   0.66      2616.67    0.08899    0.09231
  188   187.9    367    279       2516    2478.3333   0.67      3755.22    0.12771    0.12624
  190   189.9    367    278       3192    3123.6667   0.67      4764.18    0.16202    0.15764
  192   191.9    367    278       3663    3521.3333   0.68      5386.76    0.18320    0.17601
  194   194.1    367    277       3709    3627.0000   0.69      5375.36    0.18281    0.17965
  196   195.9    367    277       3509    3476.0000   0.69      5085.51    0.17295    0.17057
  198   197.8    367    277       3210    3247.0000   0.70      4585.71    0.15595    0.15928
  200   200.0    366    276       3022    3084.6667   0.69      4379.71    0.14895    0.15057
  202   201.8    366    276       3022    3015.3333   0.70      4317.14    0.14682    0.14585
  204   204.0    366    276       3002    2883.6667   0.72      4169.44    0.14180    0.13757
  206   205.9    366    275       2627    2727.0000   0.72      3648.61    0.12408    0.12826
  208   208.1    365    275       2552    2448.3333   0.73      3495.89    0.11889    0.11463
  210   209.9    365    275       2166    2175.0000   0.73      2967.12    0.10091    0.10212
  212   212.8    365    274       1807    1812.0000   0.71      2545.07    0.08655    0.08490
  214   214.1    364    274       1463    1426.3333   0.74      1977.03    0.06724    0.06651
  216   216.0    365    270       1009    1202.6667   0.75      1345.33    0.04575    0.05483
  218   217.8    365    270       1136    1097.6667   0.75      1514.67    0.05151    0.04977
  220   219.7    365    270       1148    1046.3333   0.75      1530.67    0.05206    0.04711
  222   221.8    365    269        855     976.6667   0.77      1110.39    0.03776    0.04636
  224   224.0    365    269        927    1129.0000   0.64      1448.44    0.04926    0.05657
  226   226.2    364    272       1605    1409.0000   0.66      2431.82    0.08270    0.07183
  228   228.0    363    272       1695    1719.6667   0.69      2456.52    0.08354    0.08596
  230   229.9    364    272       1859    1500.3333   0.69      2694.20    0.09163    0.07418
  232   232.4    364    268        947    1221.3333   0.68      1392.65    0.04736    0.06043
  234   234.4    364    268        858     927.3333   0.69      1243.48    0.04229    0.04527
  236   236.8    364    267        977     933.0000   0.72      1356.94    0.04615    0.04425
  238   237.8    364    267        964     981.6667   0.74      1302.70    0.04430    0.04533
  240   239.8    363    267       1004    1194.0000   0.75      1338.67    0.04553    0.05402
  242   241.8    363    270       1614    1467.3333   0.76      2123.68    0.07222    0.06551
  244   244.8    363    270       1784    1935.3333   0.77      2316.88    0.07879    0.08534
  246   245.9    363    269       2408    2379.0000   0.78      3087.18    0.10499    0.10406
  248   247.9    363    269       2945    2911.0000   0.78      3775.64    0.12840    0.12630
  250   249.9    363    269       3380    3499.3333   0.79      4278.48    0.14551    0.15118
  252   252.0    363    269       4173    4088.3333   0.79      5282.28    0.17964    0.17515
  254   253.8    362    268       4712    4699.3333   0.80      5890.00    0.20031    0.19961
  256   256.0    362    268       5213    5206.0000   0.81      6435.80    0.21887    0.21940
  258   257.9    362    268       5693    5681.3333   0.81      7028.40    0.23903    0.23961
  260   260.4    362    268       6138    5972.6667   0.80      7672.50    0.26093    0.24979
  262   262.0    361    267       6087    5975.3333   0.83      7333.73    0.24941    0.24893
  264   263.9    362    267       5701    5632.3333   0.82      6952.44    0.23644    0.23173
  266   266.1    361    267       5109    5123.3333   0.83      6155.42    0.20934    0.21013
  268   267.9    361    267       4560    4593.0000   0.84      5428.57    0.18462    0.18613
  270   270.0    362    267       4110    4088.6667   0.85      4835.29    0.16444    0.16607
  272   272.4    360    266       3596    3684.0000   0.82      4385.37    0.14914    0.15023
  274   274.0    360    266       3346    3397.3333   0.83      4031.33    0.13710    0.13825
  276   276.1    360    266       3250    3248.6667   0.86      3779.07    0.12852    0.12958
  278   277.9    361    266       3150    3255.0000   0.87      3620.69    0.12313    0.12773
  280   279.8    360    265       3365    3237.0000   0.87      3867.82    0.13154    0.12606
  282   281.8    360    265       3196    3274.3333   0.88      3631.82    0.12351    0.12657
  284   283.8    360    265       3262    3107.6667   0.89      3665.17    0.12465    0.11921
  286   286.0    360    265       2865    2920.0000   0.89      3219.10    0.10948    0.11158
  288   287.8    360    265       2633    2608.3333   0.89      2958.43    0.10061    0.09934
  290   289.9    360    264       2327    2288.6667   0.90      2585.56    0.08793    0.09128
  292   292.0    359    264       1906    1939.6667   0.76      2507.89    0.08529    0.07772
  294   294.0    359    264       1586    1554.3333   0.90      1762.22    0.05993    0.07606
  296   296.1    360    260       1171    1285.0000   0.48      2439.58    0.08297    0.07204
  298   297.9    360    260       1098    1180.3333   0.51      2152.94    0.07322    0.07927
  300   299.7    360    260       1272    1157.0000   0.53      2400.00    0.08162    0.07142
  302   302.0    360    260       1101    1147.6667   0.63      1747.62    0.05943    0.06597
  304   304.0    360    260       1070    1083.0000   0.64      1671.88    0.05686    0.05528
  306   306.0    360    259       1078    1114.6667   0.74      1456.76    0.04954    0.05404
  308   308.0    360    259       1196    1156.6667   0.73      1638.36    0.05572    0.05366
