Ag100
Valor de normalização=       6335.0000
energia  intensidade intensidade - smoothing
                    30       2431.0000       2179.0000
                    32       1675.0000       2696.6667
                    34       3984.0000       3222.3333
                    36       4008.0000       3854.0000
                    38       3570.0000       3450.3333
                    40       2773.0000       2815.6667
                    42       2104.0000       2093.0000
                    44       1402.0000       1323.0000
                    46       463.00000       759.00000
                    48       412.00000       638.33333
                    50       1040.0000       673.33333
                    52       568.00000       768.33333
                    54       697.00000       851.33333
                    56       1289.0000       1260.3333
                    58       1795.0000       1606.3333
                    60       1735.0000       1790.6667
                    62       1842.0000       1742.0000
                    64       1649.0000       1691.0000
                    66       1582.0000       1496.0000
                    68       1257.0000       1178.3333
                    70       696.00000       991.33333
                    72       1021.0000       1303.3333
                    74       2193.0000       1717.3333
                    76       1938.0000       2122.3333
                    78       2236.0000       1965.3333
                    80       1722.0000       1509.0000
                    82       569.00000       940.00000
                    84       529.00000       869.00000
                    86       1509.0000       1358.6667
                    88       2038.0000       2060.0000
                    90       2633.0000       2386.3333
                    92       2488.0000       2626.6667
                    94       2759.0000       2602.3333
                    96       2560.0000       2410.0000
                    98       1911.0000       1870.0000
                   100       1139.0000       1161.0000
                   102       433.00000       664.00000
                   104       420.00000       540.66667
                   106       769.00000       1086.6667
                   108       2071.0000       2397.3333
                   110       4352.0000       3785.6667
                   112       4934.0000       4855.3333
                   114       5280.0000       5516.3333
                   116       6335.0000       5816.6667
                   118       5835.0000       5375.6667
                   120       3957.0000       4142.0000
                   122       2634.0000       3919.6667
                   124       5168.0000       3673.0000
                   126       3217.0000       3807.3333
                   128       3037.0000       2359.6667
                   130       825.00000       1591.0000
                   132       911.00000       1216.3333
                   134       1913.0000       1240.6667
                   136       898.00000       1355.3333
                   138       1255.0000       966.00000
                   140       745.00000       1073.3333
                   142       1220.0000       1153.0000
                   144       1494.0000       1514.6667
                   146       1830.0000       1434.6667
                   148       980.00000       1505.6667
                   150       1707.0000       1238.6667
                   152       1029.0000       1106.6667
                   154       584.00000       716.33333
                   156       536.00000       465.33333
                   158       276.00000       464.66667
                   160       582.00000       647.66667
                   162       1085.0000       951.00000
                   164       1186.0000       1112.0000
                   166       1065.0000       1044.0000
                   168       881.00000       839.00000
                   170       571.00000       707.33333
                   172       670.00000       835.33333
                   174       1265.0000       1421.6667
                   176       2330.0000       2003.6667
                   178       2416.0000       2357.0000
                   180       2325.0000       2217.6667
                   182       1912.0000       1859.3333
                   184       1341.0000       1511.3333
                   186       1281.0000       1213.3333
                   188       1018.0000       1050.0000
                   190       851.00000       846.33333
                   192       670.00000       698.66667
                   194       575.00000       634.00000
                   196       657.00000       603.33333
                   198       578.00000       655.66667
                   200       732.00000       673.33333
                   202       710.00000       725.66667
                   204       735.00000       739.00000
                   206       772.00000       753.33333
                   208       753.00000       680.66667
                   210       517.00000       566.33333
                   212       429.00000       448.33333
                   214       399.00000       389.00000
                   216       339.00000       376.00000
                   218       390.00000       368.66667
                   220       377.00000       497.33333
                   222       725.00000       606.00000
                   224       716.00000       621.66667
                   226       424.00000       544.33333
                   228       493.00000       502.00000
                   230       589.00000       570.33333
                   232       629.00000       560.00000
                   234       462.00000       537.33333
                   236       521.00000       477.00000
                   238       448.00000       456.00000
                   240       399.00000       418.66667
                   242       409.00000       488.00000
                   244       656.00000       585.66667
                   246       692.00000       657.00000
                   248       623.00000       661.00000
                   250       668.00000       709.33333
                   252       837.00000       778.00000
                   254       829.00000       791.00000
                   256       707.00000       766.33333
                   258       763.00000       699.33333
                   260       628.00000       707.00000
                   262       730.00000       798.33333
                   264       1037.0000       966.00000
                   266       1131.0000       1084.6667
                   268       1086.0000       1181.0000
                   270       1326.0000       1295.0000
                   272       1473.0000       1414.0000
                   274       1443.0000       1319.3333
                   276       1042.0000       1146.0000
                   278       953.00000       957.33333
                   280       877.00000       925.33333
                   282       946.00000       767.66667
                   284       480.00000       637.33333
                   286       486.00000       502.66667
                   288       542.00000       590.66667
                   290       744.00000       555.33333
                   292       380.00000       490.00000
                   294       346.00000       362.00000
                   296       360.00000       361.33333
                   298       378.00000       408.00000
                   300       486.00000       430.66667
                   302       428.00000       455.33333
                   304       452.00000       437.00000
                   306       431.00000       482.00000
                   308       563.00000       528.33333
                   310       591.00000       542.66667
                   312       474.00000       543.00000
                   314       564.00000       547.33333
                   316       604.00000       571.33333
                   318       546.00000       577.00000
                   320       581.00000       528.33333
                   322       458.00000       505.33333
                   324       477.00000       465.66667
                   326       462.00000       466.66667
                   328       461.00000       500.66667
