Ag100
Valor de normalização=       6335.0000
energia  intensidade intensidade - smoothing
                    30       2431.0000       2179.0000
                    32       1675.0000       2696.6667
                    34       3984.0000       3004.3333
                    36       3354.0000       3340.0000
                    38       2682.0000       2672.0000
                    40       1980.0000       2003.3333
                    42       1348.0000       1421.6667
                    44       937.00000       916.00000
                    46       463.00000       622.33333
                    48       467.00000       547.66667
                    50       713.00000       582.66667
                    52       568.00000       625.33333
                    54       595.00000       615.33333
                    56       683.00000       662.66667
                    58       710.00000       692.66667
                    60       685.00000       703.66667
                    62       716.00000       1016.6667
                    64       1649.0000       1001.6667
                    66       640.00000       1182.0000
                    68       1257.0000       864.33333
                    70       696.00000       991.33333
                    72       1021.0000       1087.3333
                    74       1545.0000       1501.3333
                    76       1938.0000       1906.3333
                    78       2236.0000       1869.0000
                    80       1433.0000       1362.6667
                    82       419.00000       793.66667
                    84       529.00000       819.00000
                    86       1509.0000       1358.6667
                    88       2038.0000       2060.0000
                    90       2633.0000       2386.3333
                    92       2488.0000       2626.6667
                    94       2759.0000       2602.3333
                    96       2560.0000       2410.0000
                    98       1911.0000       1870.0000
                   100       1139.0000       1161.0000
                   102       433.00000       643.00000
                   104       357.00000       519.66667
                   106       769.00000       1065.6667
                   108       2071.0000       2397.3333
                   110       4352.0000       3785.6667
                   112       4934.0000       4855.3333
                   114       5280.0000       5516.3333
                   116       6335.0000       5816.6667
                   118       5835.0000       5727.3333
                   120       5012.0000       5022.3333
                   122       4220.0000       4800.0000
                   124       5168.0000       4411.6667
                   126       3847.0000       4017.3333
                   128       3037.0000       2783.0000
                   130       1465.0000       1949.0000
                   132       1345.0000       1574.3333
                   134       1913.0000       1735.6667
                   136       1949.0000       2103.3333
                   138       2448.0000       2530.3333
                   140       3194.0000       2790.0000
                   142       2728.0000       2765.6667
                   144       2375.0000       2532.3333
                   146       2494.0000       2233.6667
                   148       1832.0000       2011.0000
                   150       1707.0000       1511.0000
                   152       994.00000       1212.6667
                   154       937.00000       806.00000
                   156       487.00000       574.00000
                   158       298.00000       455.66667
                   160       582.00000       655.00000
                   162       1085.0000       951.00000
                   164       1186.0000       1092.6667
                   166       1007.0000       1011.3333
                   168       841.00000       806.33333
                   170       571.00000       694.00000
                   172       670.00000       808.66667
                   174       1185.0000       1395.0000
                   176       2330.0000       1977.0000
                   178       2416.0000       2357.0000
                   180       2325.0000       2198.0000
                   182       1853.0000       1839.6667
                   184       1341.0000       1491.6667
                   186       1281.0000       1213.3333
                   188       1018.0000       1050.0000
                   190       851.00000       846.33333
                   192       670.00000       698.66667
                   194       575.00000       634.00000
                   196       657.00000       603.33333
                   198       578.00000       655.66667
                   200       732.00000       673.33333
                   202       710.00000       725.66667
                   204       735.00000       739.00000
                   206       772.00000       753.33333
                   208       753.00000       680.66667
                   210       517.00000       594.00000
                   212       512.00000       476.00000
                   214       399.00000       416.66667
                   216       339.00000       371.33333
                   218       376.00000       422.66667
                   220       553.00000       551.33333
                   222       725.00000       664.66667
                   224       716.00000       642.66667
                   226       487.00000       594.00000
                   228       579.00000       551.66667
                   230       589.00000       601.00000
                   232       635.00000       612.66667
                   234       614.00000       590.00000
                   236       521.00000       519.33333
                   238       423.00000       463.33333
                   240       446.00000       443.66667
                   242       462.00000       521.33333
                   244       656.00000       624.66667
                   246       756.00000       690.66667
                   248       660.00000       708.00000
                   250       708.00000       765.66667
                   252       929.00000       826.66667
                   254       843.00000       835.66667
                   256       735.00000       854.33333
                   258       985.00000       908.33333
                   260       1005.0000       981.66667
                   262       955.00000       1132.3333
                   264       1437.0000       1381.0000
                   266       1751.0000       1580.6667
                   268       1554.0000       1661.0000
                   270       1678.0000       1628.6667
                   272       1654.0000       1669.0000
                   274       1675.0000       1410.6667
                   276       903.00000       1268.0000
                   278       1226.0000       1040.0000
                   280       991.00000       1051.3333
                   282       937.00000       861.33333
                   284       656.00000       758.00000
                   286       681.00000       716.00000
                   288       811.00000       773.00000
                   290       827.00000       798.00000
                   292       756.00000       899.00000
                   294       1114.0000       800.66667
                   296       532.00000       742.33333
                   298       581.00000       577.00000
                   300       618.00000       603.00000
                   302       610.00000       627.33333
                   304       654.00000       586.66667
                   306       496.00000       588.33333
                   308       615.00000       569.33333
                   310       597.00000       601.00000
                   312       591.00000       582.33333
                   314       559.00000       603.66667
                   316       661.00000       602.00000
                   318       586.00000       634.33333
                   320       656.00000       602.66667
                   322       566.00000       583.66667
                   324       529.00000       597.00000
                   326       696.00000       567.66667
                   328       478.00000       604.66667
