# origem: dados/curva_IV_idl_10.txt  |  corrente: dados/xml/<energia>.xml (BeamCurrent, uA)
# intensidade_por_uA = intensidade / BeamCurrent ; normalizada = intensidade_por_uA / 32753.5714
# suavizada = media de 3 pontos da normalizada (igual ao smooth do IDL)
# energia_nominal energia_xml BeamCurrent_uA intensidade intensidade_por_uA normalizada suavizada
    30    30.0   0.16       4927.0       30793.75    0.94016    0.77818
    32    31.9   0.22       3273.0       14877.27    0.45422    0.78211
    34    33.9   0.25       7795.0       31180.00    0.95196    0.80206
    36    36.0   0.28       9171.0       32753.57    1.00000    0.92021
    38    38.0   0.31       8211.0       26487.10    0.80868    0.79123
    40    40.1   0.33       6107.0       18506.06    0.56501    0.62483
    42    41.9   0.35       5741.0       16402.86    0.50080    0.47467
    44    44.1   0.37       4341.0       11732.43    0.35820    0.35941
    46    46.0   0.41       2944.0        7180.49    0.21923    0.27235
    48    48.0   0.43       3375.0        7848.84    0.23963    0.24181
    50    50.0   0.45       3929.0        8731.11    0.26657    0.28729
    52    52.0   0.47       5475.0       11648.94    0.35565    0.33341
    54    53.7   0.47       5819.0       12380.85    0.37800    0.37984
    56    55.7   0.46       6115.0       13293.48    0.40586    0.41784
    58    58.1   0.46       7076.0       15382.61    0.46965    0.43655
    60    60.0   0.47       6683.0       14219.15    0.43413    0.46153
    62    61.8   0.47       7402.0       15748.94    0.48083    0.48116
    64    64.6   0.44       7617.0       17311.36    0.52853    0.47766
    66    65.9   0.47       6521.0       13874.47    0.42360    0.40605
    68    68.9   0.48       4182.0        8712.50    0.26600    0.26576
    70    70.8   0.49       1728.0        3526.53    0.10767    0.17967
    72    72.8   0.45       2437.0        5415.56    0.16534    0.18540
    74    73.8   0.49       4545.0        9275.51    0.28319    0.26850
    76    76.0   0.47       5495.0       11691.49    0.35695    0.32517
    78    78.4   0.45       4943.0       10984.44    0.33537    0.30422
    80    80.6   0.47       3392.0        7217.02    0.22034    0.21743
    82    82.8   0.47       1487.0        3163.83    0.09659    0.14628
    84    84.1   0.29       1158.0        3993.10    0.12191    0.14834
    86    86.0   0.32       2374.0        7418.75    0.22650    0.20941
    88    87.8   0.34       3116.0        9164.71    0.27981    0.27403
    90    90.1   0.35       3620.0       10342.86    0.31578    0.31359
    92    92.0   0.35       3957.0       11305.71    0.34518    0.33237
    94    94.0   0.38       4184.0       11010.53    0.33616    0.31881
    96    96.0   0.40       3604.0        9010.00    0.27508    0.27174
    98    97.9   0.41       2739.0        6680.49    0.20396    0.19923
   100   100.4   0.42       1632.0        3885.71    0.11863    0.12985
   102   102.8   0.42        921.0        2192.86    0.06695    0.08062
   104   104.0   0.44        811.0        1843.18    0.05627    0.07591
   106   106.0   0.43       1472.0        3423.26    0.10452    0.11968
   108   107.9   0.46       2987.0        6493.48    0.19825    0.22281
   110   110.1   0.47       5629.0       11976.60    0.36566    0.34266
   112   112.2   0.47       7144.0       15200.00    0.46407    0.44495
   114   113.8   0.49       8107.0       16544.90    0.50513    0.50833
   116   115.9   0.49       8920.0       18204.08    0.55579    0.54053
   118   118.3   0.47       8631.0       18363.83    0.56067    0.55039
   120   120.8   0.50       8757.0       17514.00    0.53472    0.53154
   122   122.5   0.52       8503.0       16351.92    0.49924    0.49394
   124   123.8   0.52       7628.0       14669.23    0.44787    0.42865
   126   126.0   0.53       5882.0       11098.11    0.33884    0.35070
   128   128.0   0.52       4520.0        8692.31    0.26539    0.24809
   130   130.9   0.53       2431.0        4586.79    0.14004    0.17009
   132   131.9   0.56       1923.0        3433.93    0.10484    0.12713
   134   133.9   0.55       2459.0        4470.91    0.13650    0.14343
   136   136.0   0.55       3404.0        6189.09    0.18896    0.16451
   138   137.8   0.58       3193.0        5505.17    0.16808    0.18167
   140   139.8   0.58       3571.0        6156.90    0.18798    0.17030
   142   142.9   0.57       2891.0        5071.93    0.15485    0.16539
   144   144.9   0.62       3114.0        5022.58    0.15334    0.15487
   146   146.0   0.60       3074.0        5123.33    0.15642    0.14293
   148   147.9   0.61       2378.0        3898.36    0.11902    0.12654
   150   149.8   0.63       2150.0        3412.70    0.10419    0.11458
   152   152.1   0.48       1895.0        3947.92    0.12053    0.10035
   154   154.0   0.51       1275.0        2500.00    0.07633    0.08228
   156   155.9   0.52        851.0        1636.54    0.04997    0.06161
   158   158.1   0.53       1016.0        1916.98    0.05853    0.05439
   160   160.0   0.54        967.0        1790.74    0.05467    0.06810
   162   161.8   0.55       1641.0        2983.64    0.09109    0.07586
   164   164.8   0.54       1447.0        2679.63    0.08181    0.08589
   166   166.2   0.56       1555.0        2776.79    0.08478    0.07473
   168   168.0   0.59       1113.0        1886.44    0.05759    0.06329
   170   170.0   0.59        918.0        1555.93    0.04750    0.05691
   172   172.0   0.60       1290.0        2150.00    0.06564    0.05879
   174   174.1   0.62       1284.0        2070.97    0.06323    0.07822
   176   175.9   0.63       2183.0        3465.08    0.10579    0.09750
   178   178.0   0.63       2548.0        4044.44    0.12348    0.12104
   180   179.9   0.64       2806.0        4384.38    0.13386    0.12099
   182   181.8   0.65       2249.0        3460.00    0.10564    0.09960
   184   183.8   0.66       1282.0        1942.42    0.05930    0.07396
   186   185.7   0.66       1231.0        1865.15    0.05694    0.05833
   188   187.9   0.67       1289.0        1923.88    0.05874    0.05588
   190   189.9   0.67       1140.0        1701.49    0.05195    0.05511
   192   191.9   0.68       1217.0        1789.71    0.05464    0.05226
   194   194.1   0.69       1134.0        1643.48    0.05018    0.05180
   196   195.9   0.69       1143.0        1656.52    0.05058    0.05029
   198   197.8   0.70       1149.0        1641.43    0.05011    0.05387
   200   200.0   0.69       1377.0        1995.65    0.06093    0.05400
   202   201.8   0.70       1168.0        1668.57    0.05094    0.05572
   204   204.0   0.72       1304.0        1811.11    0.05530    0.05558
   206   205.9   0.72       1427.0        1981.94    0.06051    0.05367
   208   208.1   0.73       1081.0        1480.82    0.04521    0.04857
   210   209.9   0.73        956.0        1309.59    0.03998    0.03922
   212   212.8   0.71        755.0        1063.38    0.03247    0.03618
   214   214.1   0.74        875.0        1182.43    0.03610    0.03618
   216   216.0   0.75        982.0        1309.33    0.03998    0.03617
   218   217.8   0.75        797.0        1062.67    0.03244    0.03938
   220   219.7   0.75       1123.0        1497.33    0.04572    0.04149
   222   221.8   0.77       1168.0        1516.88    0.04631    0.05213
   224   224.0   0.64       1349.0        2107.81    0.06435    0.05410
   226   226.2   0.66       1116.0        1690.91    0.05163    0.05426
   228   228.0   0.69       1058.0        1533.33    0.04681    0.04852
   230   229.9   0.69       1065.0        1543.48    0.04712    0.04599
   232   232.4   0.68        981.0        1442.65    0.04405    0.04622
   234   234.4   0.69       1073.0        1555.07    0.04748    0.04525
   236   236.8   0.72       1043.0        1448.61    0.04423    0.04053
   238   237.8   0.74        724.0         978.38    0.02987    0.03922
   240   239.8   0.75       1070.0        1426.67    0.04356    0.03803
   242   241.8   0.76       1012.0        1331.58    0.04065    0.04433
   244   244.8   0.77       1230.0        1597.40    0.04877    0.05122
   246   245.9   0.78       1641.0        2103.85    0.06423    0.05653
   248   247.9   0.78       1446.0        1853.85    0.05660    0.06392
   250   249.9   0.79       1835.0        2322.78    0.07092    0.06794
   252   252.0   0.79       1974.0        2498.73    0.07629    0.07264
   254   253.8   0.80       1853.0        2316.25    0.07072    0.07506
   256   256.0   0.81       2074.0        2560.49    0.07817    0.08039
   258   257.9   0.81       2448.0        3022.22    0.09227    0.08549
   260   260.4   0.80       2254.0        2817.50    0.08602    0.09170
   262   262.0   0.83       2632.0        3171.08    0.09682    0.10118
   264   263.9   0.82       3242.0        3953.66    0.12071    0.11840
   266   266.1   0.83       3743.0        4509.64    0.13768    0.13508
   268   267.9   0.84       4040.0        4809.52    0.14684    0.14094
   270   270.0   0.85       3850.0        4529.41    0.13829    0.14084
   272   272.4   0.82       3690.0        4500.00    0.13739    0.13283
   274   274.0   0.83       3339.0        4022.89    0.12282    0.11922
   276   276.1   0.86       2745.0        3191.86    0.09745    0.10207
   278   277.9   0.87       2449.0        2814.94    0.08594    0.08379
   280   279.8   0.87       1937.0        2226.44    0.06798    0.07311
   282   281.8   0.88       1885.0        2142.05    0.06540    0.06713
   284   283.8   0.89       1983.0        2228.09    0.06803    0.06116
   286   286.0   0.89       1459.0        1639.33    0.05005    0.05879
   288   287.8   0.89       1699.0        1908.99    0.05828    0.05786
   290   289.9   0.90       1923.0        2136.67    0.06523    0.06585
   292   292.0   0.76       1843.0        2425.00    0.07404    0.06595
   294   294.0   0.90       1727.0        1918.89    0.05859    0.06287
   296   296.1   0.48        880.0        1833.33    0.05597    0.06095
   298   297.9   0.51       1141.0        2237.25    0.06831    0.06399
   300   299.7   0.53       1175.0        2216.98    0.06769    0.06644
   302   302.0   0.63       1307.0        2074.60    0.06334    0.06258
   304   304.0   0.64       1189.0        1857.81    0.05672    0.05573
   306   306.0   0.74       1142.0        1543.24    0.04712    0.05032
