ag100
Valor de normalização=       9171.0000
energia  intensidade intensidade - smoothing
                    30       4927.0000       4375.6667
                    32       3273.0000       5331.6667
                    34       7795.0000       6746.3333
                    36       9171.0000       8392.3333
                    38       8211.0000       7829.6667
                    40       6107.0000       6686.3333
                    42       5741.0000       5396.3333
                    44       4341.0000       4342.0000
                    46       2944.0000       3553.3333
                    48       3375.0000       3416.0000
                    50       3929.0000       4259.6667
                    52       5475.0000       5074.3333
                    54       5819.0000       5803.0000
                    56       6115.0000       6336.6667
                    58       7076.0000       6624.6667
                    60       6683.0000       7053.6667
                    62       7402.0000       7234.0000
                    64       7617.0000       7180.0000
                    66       6521.0000       6106.6667
                    68       4182.0000       4143.6667
                    70       1728.0000       2782.3333
                    72       2437.0000       2903.3333
                    74       4545.0000       4159.0000
                    76       5495.0000       4994.3333
                    78       4943.0000       4610.0000
                    80       3392.0000       3274.0000
                    82       1487.0000       2012.3333
                    84       1158.0000       1673.0000
                    86       2374.0000       2216.0000
                    88       3116.0000       3036.6667
                    90       3620.0000       3564.3333
                    92       3957.0000       3920.3333
                    94       4184.0000       3915.0000
                    96       3604.0000       3509.0000
                    98       2739.0000       2658.3333
                   100       1632.0000       1764.0000
                   102       921.00000       1121.3333
                   104       811.00000       1068.0000
                   106       1472.0000       1756.6667
                   108       2987.0000       3362.6667
                   110       5629.0000       5253.3333
                   112       7144.0000       6960.0000
                   114       8107.0000       8057.0000
                   116       8920.0000       8552.6667
                   118       8631.0000       8769.3333
                   120       8757.0000       8630.3333
                   122       8503.0000       8296.0000
                   124       7628.0000       7337.6667
                   126       5882.0000       6010.0000
                   128       4520.0000       4277.6667
                   130       2431.0000       2958.0000
                   132       1923.0000       2271.0000
                   134       2459.0000       2595.3333
                   136       3404.0000       3018.6667
                   138       3193.0000       3389.3333
                   140       3571.0000       3218.3333
                   142       2891.0000       3192.0000
                   144       3114.0000       3026.3333
                   146       3074.0000       2855.3333
                   148       2378.0000       2534.0000
                   150       2150.0000       2141.0000
                   152       1895.0000       1773.3333
                   154       1275.0000       1340.3333
                   156       851.00000       1047.3333
                   158       1016.0000       944.66667
                   160       967.00000       1208.0000
                   162       1641.0000       1351.6667
                   164       1447.0000       1547.6667
                   166       1555.0000       1371.6667
                   168       1113.0000       1195.3333
                   170       918.00000       1107.0000
                   172       1290.0000       1164.0000
                   174       1284.0000       1585.6667
                   176       2183.0000       2005.0000
                   178       2548.0000       2512.3333
                   180       2806.0000       2534.3333
                   182       2249.0000       2112.3333
                   184       1282.0000       1587.3333
                   186       1231.0000       1267.3333
                   188       1289.0000       1220.0000
                   190       1140.0000       1215.3333
                   192       1217.0000       1163.6667
                   194       1134.0000       1164.6667
                   196       1143.0000       1142.0000
                   198       1149.0000       1223.0000
                   200       1377.0000       1231.3333
                   202       1168.0000       1283.0000
                   204       1304.0000       1299.6667
                   206       1427.0000       1270.6667
                   208       1081.0000       1154.6667
                   210       956.00000       930.66667
                   212       755.00000       862.00000
                   214       875.00000       870.66667
                   216       982.00000       884.66667
                   218       797.00000       967.33333
                   220       1123.0000       1029.3333
                   222       1168.0000       1213.3333
                   224       1349.0000       1211.0000
                   226       1116.0000       1174.3333
                   228       1058.0000       1079.6667
                   230       1065.0000       1034.6667
                   232       981.00000       1039.6667
                   234       1073.0000       1032.3333
                   236       1043.0000       946.66667
                   238       724.00000       945.66667
                   240       1070.0000       935.33333
                   242       1012.0000       1104.0000
                   244       1230.0000       1294.3333
                   246       1641.0000       1439.0000
                   248       1446.0000       1640.6667
                   250       1835.0000       1751.6667
                   252       1974.0000       1887.3333
                   254       1853.0000       1967.0000
                   256       2074.0000       2125.0000
                   258       2448.0000       2258.6667
                   260       2254.0000       2444.6667
                   262       2632.0000       2709.3333
                   264       3242.0000       3205.6667
                   266       3743.0000       3675.0000
                   268       4040.0000       3877.6667
                   270       3850.0000       3860.0000
                   272       3690.0000       3626.3333
                   274       3339.0000       3258.0000
                   276       2745.0000       2844.3333
                   278       2449.0000       2377.0000
                   280       1937.0000       2090.3333
                   282       1885.0000       1935.0000
                   284       1983.0000       1775.6667
                   286       1459.0000       1713.6667
                   288       1699.0000       1693.6667
                   290       1923.0000       1821.6667
                   292       1843.0000       1831.0000
                   294       1727.0000       1483.3333
                   296       880.00000       1249.3333
                   298       1141.0000       1065.3333
                   300       1175.0000       1207.6667
                   302       1307.0000       1223.6667
                   304       1189.0000       1212.6667
                   306       1142.0000       1128.6667
